1000
596 528 957 742 53 554
768 43 353 711 778 361
352 618 532 76 390 429
573 49 207 984 702 395
170 325 844 684 12 183
440 199 213 156 220 34
268 654 526 733 944 726
306 308 409 325 412 879
728 689 168 167 531 430
292 720 371 586 756 727
685 687 408 902 44 378
892 735 352 774 204 838
486 191 621 990 664 779
576 955 795 58 982 927
332 675 286 474 248 164
973 697 58 276 920 702
982 434 486 491 627 834
402 398 311 180 525 509
508 986 601 809 120 960
442 77 699 346 642 593
955 785 153 417 581 660
272 834 733 727 702 394
859 701 539 253 390 340
20 900 182 679 78 892
959 62 165 168 511 802
709 783 597 373 722 933
361 95 919 303 357 659
338 250 120 554 659 139
798 329 76 490 333 954
478 374 297 158 327 713
353 844 666 445 709 946
723 924 251 805 444 480
889 687 281 154 112 208
760 338 238 879 860 689
647 129 377 850 790 370
821 617 168 811 899 597
568 228 617 595 470 983
546 484 22 771 846 722
159 577 348 39 462 967
228 15 910 480 71 6
493 860 957 452 300 770
12 51 458 389 844 295
279 183 257 99 824 264
551 681 796 861 355 368
149 642 838 486 366 182
217 468 962 556 795 413
463 654 952 225 72 201
213 320 49 818 596 567
931 2 721 744 424 268
737 579 298 581 37 533
892 685 667 964 157 995
941 118 632 380 407 772
274 466 716 357 890 487
173 741 22 458 591 640
524 886 96 119 387 235
345 173 247 37 800 61
756 177 110 569 934 361
594 133 60 432 445 682
388 325 995 581 784 988
236 97 304 559 566 399
347 217 110 439 168 69
316 794 928 115 711 30
928 486 128 367 89 490
459 149 970 75 934 221
16 339 735 331 745 717
656 177 325 710 343 912
42 951 619 600 892 382
808 362 751 160 621 585
151 941 256 516 119 100
745 633 629 754 382 952
951 598 837 6 886 71
337 902 813 805 376 640
346 315 742 660 330 79
400 715 760 797 100 746
691 116 385 677 147 265
730 227 361 531 111 392
886 901 35 41 673 272
892 310 41 652 482 481
951 390 107 93 164 924
559 729 301 83 937 954
162 244 217 37 365 627
332 809 337 518 926 334
502 714 491 458 512 832
120 685 716 94 767 898
983 489 855 96 185 511
380 79 430 926 835 125
732 563 179 606 236 166
176 210 588 873 5 916
902 701 269 142 332 51
14 142 829 67 736 346
138 933 264 960 671 568
420 567 605 928 753 765
766 850 661 817 173 555
760 920 890 20 354 90
758 507 254 859 735 459
459 484 824 320 473 223
326 679 603 137 698 278
134 122 100 20 547 119
256 347 908 988 5 411
693 569 483 963 45 598
738 603 653 877 353 642
598 133 344 762 512 289
227 107 980 783 138 169
837 639 209 374 526 605
249 761 723 813 147 639
342 805 517 35 700 361
937 488 97 430 313 257
959 582 580 461 674 946
733 529 840 521 560 499
186 484 265 629 140 238
767 332 616 925 872 928
163 407 396 117 2 171
126 544 252 238 776 512
863 466 803 480 149 254
224 431 166 510 871 379
199 979 504 685 468 688
544 810 805 714 248 70
165 181 122 99 223 744
119 467 455 61 573 561
295 235 245 236 187 606
846 462 634 723 343 108
937 215 194 28 115 714
991 4 788 405 251 483
33 834 501 903 304 425
930 578 619 389 889 639
880 7 451 14 206 908
655 441 547 752 279 361
243 637 347 782 78 635
802 816 243 762 90 196
165 620 898 493 392 167
198 363 245 817 787 985
355 792 964 689 954 217
904 481 703 371 446 805
700 23 92 99 295 664
713 484 594 832 835 227
335 133 889 496 555 694
933 621 123 938 990 9
969 647 499 458 875 530
900 812 960 988 276 175
714 875 585 586 289 568
392 723 105 55 970 875
788 804 725 691 629 419
695 675 264 641 195 833
885 873 501 319 602 707
523 177 127 37 550 450
745 215 887 413 485 797
418 567 558 346 502 889
515 196 913 981 401 366
873 876 385 326 88 362
324 492 329 610 592 372
402 325 768 751 183 20
511 891 427 296 50 695
204 834 268 345 493 581
334 345 10 143 758 960
904 673 949 728 492 571
506 796 399 262 483 838
198 381 703 661 199 966
699 63 798 428 969 709
186 827 966 669 572 195
218 472 995 606 203 946
85 961 499 827 863 352
638 711 440 134 482 978
807 50 747 722 784 696
118 660 447 292 20 443
780 99 892 700 863 708
43 719 407 31 504 386
749 190 645 60 449 738
664 114 276 397 812 993
180 412 611 6 175 665
355 320 925 751 625 48
768 562 152 386 572 947
498 563 513 427 571 770
49 303 694 620 420 99
257 754 477 170 800 22
144 16 369 832 896 252
826 547 592 919 545 285
879 894 202 571 833 533
919 161 918 735 148 859
607 8 397 864 669 733
50 628 907 556 757 238
442 916 949 536 851 855
229 375 211 364 553 376
526 420 454 158 514 198
40 988 389 708 377 73
154 184 109 70 206 720
909 199 668 376 273 507
645 939 984 562 866 579
315 569 833 864 670 545
841 427 232 206 735 38
986 842 364 260 456 793
68 386 190 657 954 507
634 879 791 495 616 919
184 61 940 659 598 50
746 466 83 221 717 932
555 204 160 862 993 19
927 610 192 370 819 978
268 199 330 303 125 387
897 392 600 894 211 308
544 630 146 282 425 345
455 203 822 507 421 749
826 267 730 200 935 503
193 972 58 566 169 63
421 244 349 10 818 710
67 431 529 56 800 775
492 897 558 508 661 346
445 964 138 455 627 927
855 372 604 12 240 797
390 523 314 890 258 934
279 352 236 712 245 493
317 902 217 303 966 568
656 593 250 841 930 861
788 728 445 531 434 73
260 235 396 972 577 197
181 190 679 991 214 206
877 776 477 783 232 790
345 640 526 716 5 334
791 311 18 900 137 607
922 205 178 547 282 473
689 196 655 709 404 925
409 826 189 824 662 21
629 576 104 136 600 65
330 757 900 551 666 161
167 887 57 712 856 933
165 587 810 352 215 802
347 876 568 395 941 666
721 5 462 848 909 983
700 258 211 533 509 896
311 54 561 936 781 39
592 789 744 691 769 144
997 582 416 761 657 387
780 74 885 848 997 150
765 142 401 814 480 646
341 348 622 427 885 557
174 110 398 402 283 399
881 86 563 854 94 980
592 609 250 246 412 802
801 406 629 172 946 599
570 293 962 385 952 569
939 701 571 638 293 832
452 728 782 715 40 864
562 765 50 354 649 849
546 614 451 889 806 976
470 443 129 162 729 279
898 266 678 224 807 632
689 185 521 976 645 233
168 486 316 209 51 584
757 67 824 216 482 695
310 804 864 87 546 740
693 868 268 109 470 53
351 524 670 225 247 251
359 119 115 231 741 586
330 103 744 571 33 13
432 189 219 591 581 804
258 459 869 957 198 998
515 131 871 220 197 339
906 745 761 739 190 59
754 763 355 242 340 576
867 378 665 377 904 389
663 892 90 443 538 103
960 247 139 846 374 171
390 593 403 47 959 943
246 14 235 193 165 595
811 71 917 83 557 195
471 518 97 37 262 826
570 967 136 153 367 879
330 460 510 642 213 532
495 339 835 715 694 445
460 399 233 794 886 266
705 363 170 277 202 417
236 189 836 853 580 222
325 370 874 444 369 775
605 196 154 482 309 713
862 928 746 774 668 489
643 684 612 40 481 849
908 97 604 151 176 983
623 314 397 835 48 496
669 705 53 550 289 47
205 242 504 89 423 222
377 159 297 65 671 995
183 942 46 330 132 220
272 516 260 639 160 42
30 564 615 233 443 498
563 220 702 740 287 440
719 735 320 34 110 667
392 916 97 864 656 264
708 275 252 730 990 658
894 37 648 163 968 355
758 852 18 527 177 20
656 828 245 416 568 992
641 329 403 817 966 364
677 401 843 575 611 682
894 359 637 900 808 32
738 288 575 548 215 152
845 965 998 193 258 467
646 402 969 339 212 508
327 797 678 119 965 575
625 267 872 928 986 457
893 509 3 210 430 372
455 777 745 405 30 44
350 217 169 996 782 59
979 911 398 88 958 525
339 299 723 109 377 402
511 735 192 446 577 810
383 270 565 976 620 348
172 732 997 196 211 900
194 646 665 225 983 510
666 883 468 90 160 817
399 218 921 73 409 813
961 194 385 514 921 175
564 655 600 887 724 587
214 21 229 53 103 429
450 680 373 973 970 505
887 311 534 204 843 816
319 689 983 566 304 227
746 652 285 103 478 555
763 622 224 648 458 455
389 999 273 513 319 415
418 591 585 805 280 284
934 153 436 921 891 242
920 38 844 484 50 575
453 733 14 849 474 54
758 34 657 288 571 983
861 662 378 218 977 871
474 487 114 635 899 996
939 130 51 914 259 331
266 166 385 67 764 480
435 614 817 578 669 218
547 573 24 723 103 929
168 807 353 510 354 731
922 29 886 192 427 133
288 211 243 434 511 949
194 760 119 532 386 314
942 646 965 373 387 802
72 631 461 872 730 837
661 208 783 838 440 48
961 849 230 203 891 283
913 547 667 66 553 461
754 274 882 925 612 989
272 163 208 593 807 354
833 468 80 139 765 741
249 555 402 539 621 139
787 983 258 992 976 925
877 797 432 230 666 508
348 643 379 624 93 849
522 46 432 436 105 191
464 225 274 800 10 126
643 104 680 276 101 770
62 439 92 855 146 703
991 956 504 994 983 592
86 418 748 390 581 988
398 898 972 382 953 179
33 145 935 458 231 338
836 112 451 414 10 44
359 219 798 408 965 360
814 628 445 39 693 376
592 48 234 619 631 610
731 345 712 670 591 567
797 53 367 227 768 437
881 594 186 339 27 768
441 69 247 847 645 521
123 73 801 7 343 551
213 256 967 131 152 112
458 93 147 757 98 999
371 654 169 719 260 966
662 927 164 205 277 42
64 321 60 601 275 782
640 867 552 226 67 340
995 185 495 487 473 272
31 501 223 164 370 949
876 9 218 453 524 784
921 97 355 969 832 341
146 457 429 166 453 466
110 54 904 11 27 842
489 993 670 746 999 595
899 410 240 543 443 671
449 796 299 187 423 853
544 450 984 322 362 402
848 660 623 683 639 601
113 302 379 953 590 642
847 655 648 1 997 230
592 324 801 816 950 228
602 617 893 632 56 794
845 475 493 552 737 777
889 296 858 252 527 655
628 841 49 549 850 77
946 223 981 100 2 235
525 572 912 274 1 871
29 585 22 342 59 62
423 925 351 448 275 79
777 729 862 474 69 421
789 530 338 771 10 779
214 379 960 696 261 576
109 834 315 246 620 785
116 286 796 549 826 754
257 663 223 383 86 344
272 992 629 587 511 59
632 90 423 435 121 479
735 726 379 658 299 612
844 427 478 17 409 755
53 87 90 344 724 244
444 342 532 932 470 960
813 260 151 913 369 24
907 394 438 471 503 834
891 936 992 450 656 745
42 495 893 605 891 361
467 881 871 328 153 1
796 108 846 639 344 450
190 936 624 666 553 257
412 616 713 436 808 444
567 200 118 251 997 129
396 756 245 526 774 111
475 821 963 880 20 393
158 308 343 935 246 800
39 278 267 123 132 958
126 880 769 560 711 174
129 326 492 582 886 659
603 191 821 473 961 793
923 648 380 316 229 518
389 709 654 245 852 873
213 568 266 192 499 43
918 908 995 62 304 846
914 83 360 387 821 865
881 232 336 498 449 736
966 369 159 625 651 88
778 549 39 148 21 22
319 668 500 951 43 591
762 796 178 817 402 935
434 396 380 675 949 957
305 948 836 583 877 858
846 423 498 553 244 663
121 537 830 273 401 565
909 333 409 171 819 648
361 532 111 171 817 448
810 204 618 900 286 388
462 698 8 494 493 909
319 152 305 723 536 168
199 155 65 234 31 633
184 45 325 506 604 580
989 353 708 401 924 612
856 298 46 468 576 691
165 744 185 98 783 125
287 162 691 256 864 463
209 926 993 141 62 750
857 121 207 449 792 304
522 482 276 284 949 916
55 726 995 296 637 633
548 709 13 772 409 583
983 589 524 297 325 339
825 205 705 275 92 104
320 969 335 266 943 651
204 591 150 121 784 513
508 226 574 171 767 584
638 162 999 241 458 433
692 361 307 378 982 308
290 186 935 526 668 86
486 186 188 627 620 722
608 390 539 756 396 246
627 912 309 271 556 917
458 184 887 146 521 89
246 160 182 394 535 450
859 421 561 724 222 11
145 945 239 187 296 132
764 457 731 735 278 326
75 354 367 552 876 458
341 679 478 297 485 630
754 508 28 773 146 273
698 434 291 887 179 36
470 711 781 507 650 536
524 479 49 119 269 146
935 543 847 632 64 388
152 476 429 363 293 872
632 324 814 478 952 409
663 67 568 32 467 439
176 860 609 719 332 867
512 2 224 193 861 414
860 21 177 950 47 225
481 156 525 631 311 834
97 212 914 949 147 748
719 368 526 885 666 212
819 303 941 391 961 312
337 841 315 720 180 829
566 523 807 735 711 854
121 431 715 888 522 483
180 137 678 973 921 483
864 813 996 122 245 999
312 540 716 35 654 169
255 10 780 987 700 952
262 410 112 910 180 110
714 545 236 678 836 217
571 115 458 393 977 71
966 698 198 330 360 125
64 947 214 731 102 682
194 766 667 710 714 232
873 836 155 920 199 455
555 270 302 915 743 569
506 322 164 18 59 812
198 465 191 895 963 260
492 871 272 644 203 942
170 852 756 652 51 849
714 218 155 963 224 819
727 327 103 31 296 59
677 427 858 361 309 712
767 134 162 796 754 484
389 719 681 115 364 317
404 801 892 670 434 90
64 888 295 532 721 31
467 288 38 676 303 181
781 572 297 943 655 346
280 866 89 144 922 904
243 199 324 568 196 561
794 346 30 578 454 71
833 618 484 915 5 758
581 235 754 913 570 663
106 847 957 417 23 828
104 398 15 44 387 558
594 79 192 12 687 885
7 884 50 791 94 472
229 898 515 831 294 200
294 729 418 677 667 379
24 88 707 311 148 860
234 41 910 767 751 337
860 970 474 836 218 274
555 65 547 967 562 603
716 775 634 368 534 145
5 920 72 177 448 440
931 312 902 674 865 439
782 892 616 128 514 897
197 137 348 44 811 670
178 930 434 802 148 992
993 107 423 57 65 209
304 860 356 33 362 442
606 392 864 516 29 357
193 634 770 587 395 118
790 426 267 282 280 676
214 70 115 737 746 127
264 104 223 414 736 347
539 362 598 896 357 386
693 785 844 599 104 736
874 497 859 69 85 424
614 294 368 453 721 198
238 732 933 385 669 166
296 819 363 774 489 756
399 120 74 736 117 220
25 468 662 391 428 967
348 431 981 197 791 119
675 806 408 771 51 722
37 721 166 643 498 972
745 127 444 436 302 554
212 500 237 374 158 645
291 738 922 641 65 642
325 33 200 211 967 406
104 464 862 599 16 274
532 259 460 560 862 741
302 241 344 713 325 789
607 697 721 392 414 786
762 990 216 499 677 286
238 153 280 202 207 741
997 61 478 124 100 429
556 757 415 517 919 784
132 98 240 316 604 970
823 508 782 407 123 157
961 260 422 372 643 691
108 124 633 368 247 132
818 769 843 63 342 15
827 680 240 942 932 306
561 21 584 377 733 551
748 526 170 730 238 164
159 697 393 81 770 84
355 182 109 472 775 923
116 543 405 710 501 566
267 116 426 132 566 551
656 623 811 703 827 374
454 244 141 762 780 686
771 208 247 349 853 653
644 711 556 329 518 785
361 397 182 762 702 961
34 455 988 507 755 314
587 878 490 984 827 211
394 1 391 742 157 874
521 515 302 287 435 257
334 102 296 3 529 251
43 378 930 918 432 204
665 609 223 94 896 765
462 627 533 234 749 592
585 123 882 523 469 514
846 854 596 784 691 594
415 21 11 822 305 733
157 84 199 284 143 378
880 861 774 556 300 388
79 467 359 411 275 466
878 655 385 137 329 152
561 459 693 745 290 700
90 588 803 48 72 169
269 15 246 919 214 699
619 245 9 690 373 584
685 650 753 779 4 546
865 258 934 456 344 903
893 920 424 234 359 815
384 142 555 162 238 889
149 344 608 521 734 863
527 708 912 10 731 892
540 147 204 426 384 942
938 318 255 384 514 963
786 402 971 714 597 437
62 906 193 241 833 752
635 485 71 41 530 777
2 684 408 844 70 933
952 780 389 504 658 66
40 323 584 578 122 344
992 159 776 45 629 659
4 287 621 648 401 860
717 889 325 98 984 390
946 679 917 82 863 667
553 876 251 316 484 803
910 496 444 328 235 4
553 117 368 626 546 557
828 977 727 713 862 572
153 91 530 587 596 610
814 697 126 8 893 471
439 256 269 411 382 235
760 15 672 419 713 38
173 831 819 519 796 808
562 464 768 417 912 943
596 899 585 603 349 217
897 791 638 884 510 945
551 390 1 883 55 54
752 820 300 230 721 376
663 254 641 978 913 386
355 314 86 237 494 549
580 899 725 980 141 563
556 750 614 60 376 893
489 165 553 834 389 457
887 284 327 808 935 16
717 259 411 625 108 261
873 149 356 492 144 380
900 941 774 674 441 580
749 776 959 274 61 174
582 855 803 627 326 130
246 924 446 912 487 869
834 318 116 209 696 619
835 435 356 654 44 676
548 700 910 721 98 291
129 173 850 670 880 270
507 665 89 243 432 268
438 390 517 407 856 627
319 186 219 817 906 481
954 676 964 912 893 673
650 915 671 977 442 959
774 632 972 949 941 907
854 893 762 846 90 687
51 712 242 291 48 128
828 609 984 109 903 761
88 386 350 285 880 75
241 920 177 188 588 437
860 735 643 667 612 993
172 633 949 710 641 655
681 358 180 383 911 489
803 641 922 432 199 623
989 979 794 965 497 566
463 489 28 449 600 333
188 364 79 51 307 18
829 548 817 341 55 314
899 970 859 746 616 740
184 672 601 878 571 873
296 846 994 16 136 55
778 913 785 979 930 753
169 37 606 70 806 936
74 423 637 574 616 350
874 616 546 580 290 923
264 872 139 489 946 260
795 192 490 716 672 787
44 151 342 643 660 624
310 382 836 233 768 670
191 123 502 667 859 781
73 899 146 564 127 128
44 696 375 516 303 24
898 23 600 168 780 953
834 429 690 857 416 663
212 51 928 216 391 613
907 520 327 868 567 930
62 947 598 991 225 853
831 114 147 920 907 174
774 33 914 379 877 639
304 6 12 469 894 228
945 869 22 77 435 224
192 242 74 0 398 700
963 726 249 456 568 312
823 192 594 340 491 185
219 988 649 85 831 12
43 200 474 169 339 120
48 590 813 257 366 419
703 90 152 500 79 522
307 680 765 77 311 369
318 711 13 232 280 853
761 611 69 873 658 728
743 145 670 122 932 964
943 846 826 478 56 518
388 473 890 683 607 689
309 574 976 178 851 141
647 848 792 337 465 587
885 467 858 49 836 980
479 930 476 799 312 978
681 545 212 386 966 544
77 458 356 541 956 754
680 834 340 885 652 414
216 994 208 174 359 521
381 211 446 874 828 467
893 394 173 486 864 905
768 320 527 49 666 518
341 904 408 547 752 179
84 77 512 62 591 170
356 52 28 891 471 533
136 600 261 958 100 359
744 272 481 433 691 462
361 925 200 141 352 922
617 164 194 457 873 53
458 992 821 285 977 952
301 404 572 938 118 111
600 697 776 319 466 187
925 946 23 435 281 257
748 655 224 19 498 249
849 414 374 689 162 889
412 100 693 776 906 212
595 701 607 968 990 453
635 837 232 534 539 157
747 890 997 186 653 805
617 295 221 549 296 154
779 643 628 840 568 679
126 0 414 929 522 48
863 996 899 89 406 935
563 524 443 940 138 874
386 60 263 31 734 323
202 417 906 319 751 804
767 439 619 345 111 834
847 263 431 621 49 115
992 513 10 829 713 254
597 180 864 142 772 907
461 515 327 658 285 700
70 611 882 712 251 61
578 395 83 460 739 349
859 660 493 553 764 700
152 418 790 979 702 298
993 685 103 544 729 620
85 368 835 728 741 764
653 843 880 762 451 364
376 403 107 9 390 559
919 111 360 607 569 140
43 53 811 397 279 237
633 507 448 957 858 863
989 272 67 643 260 423
779 567 276 456 70 223
728 512 759 375 769 242
799 825 679 653 268 351
595 389 701 33 895 80
904 526 699 952 416 756
939 6 855 929 666 909
979 913 809 550 20 543
725 392 466 12 114 16
834 424 922 799 670 630
972 674 514 495 627 327
65 807 357 557 126 791
0 859 809 110 449 290
47 861 679 863 471 673
247 483 688 82 877 791
624 860 857 375 468 562
714 781 828 450 299 581
199 732 932 530 701 669
569 860 245 472 730 982
991 721 233 494 630 250
587 164 295 654 515 485
553 849 42 572 693 202
943 681 1 205 870 122
29 924 877 938 828 592
992 212 291 609 831 915
878 153 476 714 345 748
824 364 566 76 624 454
921 236 173 66 739 607
366 594 659 4 903 670
877 618 946 87 434 44
25 770 623 767 59 945
772 369 195 312 863 867
102 795 646 647 999 209
805 177 826 775 577 786
115 200 391 921 904 969
526 106 738 776 371 745
4 874 445 989 705 218
677 964 456 103 231 838
474 85 876 913 907 623
328 151 318 255 397 907
238 852 22 319 295 76
266 38 813 85 231 759
549 798 457 972 946 859
500 236 685 649 351 948
549 377 905 897 234 359
624 74 511 953 560 943
747 396 488 38 936 179
251 628 534 285 223 299
181 686 226 177 82 428
220 351 383 416 919 31
853 946 492 579 356 994
341 151 745 787 539 117
787 116 920 579 819 349
819 542 135 253 285 639
747 992 769 529 955 587
484 375 281 595 809 971
863 778 522 280 342 148
492 757 871 281 197 556
755 915 752 16 833 495
922 942 687 596 963 767
433 156 612 90 549 10
329 72 969 909 952 945
755 733 274 653 727 967
571 758 557 147 227 915
33 657 90 57 108 578
840 619 976 950 820 262
610 458 465 505 669 161
107 474 540 647 879 998
885 916 297 936 416 444
689 412 335 257 309 542
816 46 338 953 709 867
397 403 473 14 644 212
629 273 149 826 228 731
874 947 689 152 765 20
480 374 2 608 466 492
582 705 836 526 691 548
799 591 65 770 614 800
876 358 125 195 982 787
621 774 939 288 53 682
971 388 229 734 844 58
127 153 779 929 924 799
584 408 579 281 967 768
741 340 754 543 819 967
445 305 830 326 549 857
2 749 547 610 818 397
551 217 186 80 400 0
297 972 996 18 240 694
740 386 819 150 238 281
956 127 978 257 275 826
83 706 607 722 640 22
731 695 693 231 4 414
569 147 884 589 141 542
531 909 737 724 479 825
936 605 695 632 897 694
592 566 111 12 410 568
806 366 89 254 505 478
230 472 141 734 565 353
22 309 775 702 394 300
837 562 109 433 559 888
371 559 119 479 816 107
743 729 929 324 904 706
509 626 800 505 235 942
863 501 147 246 216 509
92 453 353 0 220 364
56 647 209 74 8 430
262 200 143 553 357 570
193 376 813 253 604 961
842 633 462 985 184 229
494 630 341 322 199 153
633 297 237 780 559 22
590 594 637 271 616 983
464 241 218 459 463 185
186 232 1 780 788 462
789 119 84 646 853 627
341 60 863 845 674 586
222 332 934 62 393 337
944 106 554 209 323 873
970 745 852 72 976 774
661 585 948 336 950 413
611 160 619 146 484 145
438 862 857 360 643 92
697 823 472 67 396 786
658 847 71 253 848 760
879 682 873 44 543 550
202 881 810 274 657 557
961 997 396 912 458 288
721 179 837 805 698 59
108 863 698 677 56 626
911 640 315 782 848 695
428 192 240 233 375 793
102 804 988 221 377 693
738 644 210 382 696 336
937 336 245 816 142 783
469 238 11 175 553 145
933 905 652 379 160 436
973 28 413 657 477 642
530 276 719 822 547 434
336 633 723 562 563 8
885 438 732 837 742 84
815 800 996 196 747 625
884 522 748 506 128 16
931 697 687 437 233 823
866 474 990 184 732 890
828 608 401 411 196 362
409 55 263 620 122 3
623 749 933 404 854 943
987 337 561 305 747 894
270 640 989 572 449 179
449 770 57 942 145 100
868 173 526 115 63 982
414 999 886 184 129 78
970 440 906 583 173 842
609 496 951 952 258 91
831 687 474 487 288 427
439 93 149 401 921 983
902 724 191 442 468 744
165 384 922 838 810 333
166 240 258 547 228 349
790 645 872 324 456 545
192 875 461 571 910 130
630 797 472 938 601 457
945 356 334 775 160 890
409 292 208 699 108 918
882 100 309 457 969 160
117 20 992 418 455 861
569 80 415 124 435 643
124 862 990 409 342 141
620 586 385 761 767 748
264 267 688 866 397 953
418 709 748 18 393 621
171 345 643 114 356 868
466 134 637 468 257 313
0 662 241 81 679 488
688 948 194 513 625 571
345 626 959 277 346 828
835 910 309 608 634 844
64 883 879 843 492 826
721 884 684 162 241 335
661 910 142 880 476 656
278 895 330 825 212 704
789 959 636 945 500 707
568 223 258 236 190 217
437 403 669 751 243 244
545 314 887 46 111 580
947 891 436 519 539 719
999 160 162 316 812 468
617 728 433 362 828 275
650 858 838 147 873 854
501 62 956 695 782 416
287 331 755 899 163 588
358 836 872 860 564 578
203 117 826 785 78 744
935 213 832 101 855 954
563 965 945 302 319 832
200 654 389 561 870 899
957 245 498 857 455 512
524 943 439 162 113 591
128 588 242 935 866 794
577 950 413 524 526 991
410 150 42 192 15 76
334 303 195 417 483 578
953 480 62 576 839 763
327 498 618 221 462 636
565 375 729 599 674 371
607 55 70 446 620 160
234 726 713 451 869 751
609 959 841 837 528 990
297 348 504 114 559 523
410 930 676 365 743 581
937 914 726 453 933 324
694 745 485 779 83 581
52 327 575 388 469 1
13 165 786 406 547 286
535 269 912 61 309 340
681 763 51 40 963 532
366 788 721 505 910 537
797 128 218 649 215 673
902 106 21 657 723 763
876 773 263 803 10 343
834 496 5 501 753 321
651 539 821 895 295 162
501 721 492 113 80 128
877 405 791 258 927 785
172 639 329 54 269 235
359 629 652 253 566 698
372 72 183 77 371 501
856 622 226 173 139 140
498 663 709 845 314 914
783 214 491 204 797 895
390 815 287 232 804 707
35 61 496 629 887 593
37 813 914 887 962 52
849 699 294 931 226 780
180 334 680 450 770 200
960 811 435 41 514 59
728 764 777 408 939 810
663 557 971 58 404 632
514 146 130 402 563 998
321 251 83 124 853 684
381 448 675 525 573 56
637 469 718 909 73 388
498 84 731 560 714 546
208 405 186 266 439 496
131 937 568 165 946 62
597 738 544 416 788 202
771 441 288 225 430 562
975 202 355 672 650 828
947 463 758 544 240 512
346 805 880 458 947 851
364 812 332 751 562 147
424 617 240 345 752 343